1573
5408
481
5531
1556
7117
53
7796
2054
7794
507
7699
1707
5690
59
6324
1895
6328
579
6405
1900
6425
81
6444
1907
6455
449
6532
1890
7034
82
5650
1605
5630
467
5535
1913
5515
86
5969
1853
5935
139
5868
1953
5823
89
6062
1625
6581
588
6639
1919
6597
93
8913
2365
8911
595
7890
2354
7883
98
7982
2094
7978
602
7988
2190
7985
101
8189
2223
8186
610
8194
2225
8192
100
7941
2083
7935
600
8918
2369
8916
96
7824
2066
7817
592
5403
1956
5627
90
7132
1940
7475
410
5261
1828
5482
88
7786
2046
7784
503
5806
1902
5776
84
7366
1406
7338
444
5843
1392
6087
83
6452
1401
7072
458
6898
1588
6012
62
7616
1544
7601
287
6731
1533
6641
56
7112
2009
7082
494
7091
1950
7068
50
5721
2057
5687
442
8732
1947
8734
47
7780
1948
8729
451
6376
1595
6260
48
6447
1440
6443
456
5913
1663
7238
31
5394
1711
5758
499
6433
1690
6284
33
7215
2043
7175
492
7532
1965
7536
24
7537
1966
7442
493
7814
1983
7812
23
6885
1648
6888
462
6470
1506
6189
26
7232
1805
5839
522
6165
1857
7142
28
7719
1803
6157
402
5312
1814
5119
30
6428
1849
6912
391
6836
1797
7388
388
7389
1798
6711
392
7749
1754
7003
42
19887
5107
19885
1387
19877
5104
19879
12
8506
2253
8496
630
8511
2255
8509
41
8406
1091
8403
624
8346
1079
8356
107
8357
1080
8337
621
8375
1083
8364
108
8711
2307
8708
645
8750
2309
8714
117
9010
2396
9008
660
8970
2386
8963
121
9330
2486
9328
688
9325
2484
9322
76
5209
1499
5389
469
5664
2062
7420
151
10194
2675
10192
728
10189
2672
10182
156
10380
2727
10378
742
10368
2721
10361
160
10484
2755
10482
750
10472
2749
10465
164
10604
2783
10601
757
10609
2785
10607
165
10507
2760
10488
753
10544
2767
10542
162
10429
2741
10426
747
10390
2731
10387
158
10325
2713
10322
739
10286
2703
10283
155
10160
2666
10157
726
10138
2660
10135
150
9474
2527
9470
701
9506
2535
9504
131
9254
2465
9251
682
9248
2462
9245
119
8797
2323
8794
650
8768
2316
8765
116
8612
2282
8608
638
8620
2284
8618
105
8268
1060
8261
617
8330
1074
8332
106
8333
1075
8327
618
8281
1063
8274
15
8461
2238
8455
626
8489
2247
8491
18
5214
1724
7449
396
6236
1730
6658
11
6221
1718
7171
431
5620
1755
5384
387
5385
1756
6954
432
7482
1810
6351
29
5453
1831
5379
430
5706
1577
5381
27
6400
1888
6355
419
6529
1918
6477
25
7414
1748
7460
412
5853
1685
6499
21
7281
1489
7761
394
7010
1951
7022
22
7023
1952
7668
397
6370
1482
5537
4
6858
1929
5606
574
5560
1520
7304
1
6813
1530
6863
454
5746
1512
7731
43
6054
1540
7161
437
7241
1745
6061
44
7298
1746
6068
438
5582
1759
5692
46
