2264
2554
2706
2899
3035
3182
3457
3594
4597
4608
4702
4753
4963
4964
4965
4966
4967
4968
4969
4970
4971
4972
4973
4974
4975
4976
4977
4978
4979
4980
4981
4982
4983
4984
4985
4986
4987
4988
4989
4990
4991
4992
4993
4994
4995
4996
4997
4998
4999
5000
4882
4825
4752
4235
3961
3807
3685
3549
3508
3241
3034
2869
2734
2577
2512
2351
2213
2181
2112
2061
1857
1806
1756
1667
1437
1394
1333
1278
1216
892
718
525
485
404
389
205
58
57
56
55
54
53
52
51
50
49
48
47
46
45
44
43
42
41
40
39
38
37
36
35
34
33
32
31
30
29
28
27
26
25
24
23
22
21
20
19
18
17
16
15
14
13
12
11
10
9
8
7
6
5
4
3
2
1
526
